-3.0 -0.9950547536867305
-2.959731543624161 -0.9946411128482531
-2.9194630872483223 -0.9941929740872016
-2.879194630872483 -0.9937074777951017
-2.8389261744966445 -0.9931815303781304
-2.7986577181208054 -0.9926117856435208
-2.7583892617449663 -0.991994624798395
-2.7181208053691277 -0.9913261349741438
-2.6778523489932886 -0.9906020861871265
-2.6375838926174495 -0.9898179066447027
-2.597315436241611 -0.988968656304649
-2.557046979865772 -0.9880489985960252
-2.5167785234899327 -0.987053170210804
-2.476510067114094 -0.98597494887835
-2.436241610738255 -0.9848076190394537
-2.395973154362416 -0.9835439353434883
-2.3557046979865772 -0.9821760839018201
-2.3154362416107386 -0.9806956412433635
-2.2751677852348995 -0.9790935309347427
-2.2348993288590604 -0.9773599778485647
-2.1946308724832218 -0.9754844600895881
-2.1543624161073827 -0.9734556586209457
-2.1140939597315436 -0.9712614046719957
-2.073825503355705 -0.9688886250569004
-2.033557046979866 -0.9663232855898072
-1.993288590604027 -0.9635503328497927
-1.953020134228188 -0.9605536346278573
-1.912751677852349 -0.9573159194806327
-1.8724832214765101 -0.9538187159225259
-1.8322147651006713 -0.9500422919112145
-1.7919463087248322 -0.9459655954221269
-1.7516778523489933 -0.9415661970670405
-1.7114093959731544 -0.9368202358912637
-1.6711409395973156 -0.9317023696837392
-1.6308724832214767 -0.9261857313550288
-1.5906040268456376 -0.9202418931790641
-1.5503355704697988 -0.9138408409544275
-1.5100671140939599 -0.9069509604172764
-1.4697986577181208 -0.8995390385269074
-1.429530201342282 -0.8915702825406845
-1.389261744966443 -0.8830083600897884
-1.3489932885906042 -0.8738154637506752
-1.3087248322147653 -0.8639524038660595
-1.2684563758389262 -0.8533787335872864
-1.2281879194630874 -0.8420529102672731
-1.1879194630872485 -0.8299324974063598
-1.1476510067114094 -0.8169744113154196
-1.1073825503355705 -0.8031352164812313
-1.0671140939597317 -0.7883714732656232
-1.0268456375838928 -0.7726401410080179
-0.9865771812080539 -0.7558990387966046
-0.9463087248322148 -0.7381073650947231
-0.9060402684563762 -0.7192262760296663
-0.8657718120805371 -0.6992195204532043
-0.825503355704698 -0.6780541278618067
-0.7852348993288594 -0.6557011429320617
-0.7449664429530203 -0.632136397817419
-0.7046979865771812 -0.6073413105263635
-0.6644295302013425 -0.5813036947493923
-0.6241610738255035 -0.5540185635440421
-0.5838926174496644 -0.5254889064762464
-0.5436241610738257 -0.49572641733291917
-0.5033557046979866 -0.464752147566459
-0.463087248322148 -0.43259705941877385
-0.4228187919463089 -0.3993024524081333
-0.3825503355704698 -0.364920237732206
-0.34228187919463116 -0.32951303728799675
-0.30201342281879207 -0.29315408751406036
-0.2617449664429534 -0.25592693312023135
-0.22147651006711433 -0.21792490188674268
-0.18120805369127524 -0.1792503588859062
-0.1409395973154366 -0.14001374640155712
-0.1006711409395975 -0.10033242410136677
-0.06040268456375841 -0.06032933219639645
-0.020134228187919767 -0.0201315079099331
0.020134228187919323 0.020131507909932657
0.06040268456375841 0.06032933219639645
0.10067114093959706 0.10033242410136632
0.14093959731543615 0.1400137464015567
0.1812080536912748 0.17925035888590576
0.22147651006711389 0.21792490188674227
0.261744966442953 0.25592693312023096
0.3020134228187916 0.29315408751405997
0.3422818791946307 0.32951303728799636
0.38255033557046936 0.36492023773220555
0.42281879194630845 0.39930245240813295
0.46308724832214754 0.4325970594187735
0.5033557046979862 0.4647521475664586
0.5436241610738253 0.4957264173329188
0.5838926174496644 0.5254889064762464
0.624161073825503 0.5540185635440417
0.6644295302013421 0.581303694749392
0.7046979865771812 0.6073413105263635
0.7449664429530198 0.6321363978174189
0.7852348993288589 0.6557011429320615
0.8255033557046976 0.6780541278618063
0.8657718120805367 0.6992195204532041
0.9060402684563758 0.7192262760296659
0.9463087248322144 0.7381073650947227
0.9865771812080535 0.7558990387966044
1.0268456375838921 0.7726401410080177
1.0671140939597317 0.7883714732656232
1.1073825503355703 0.8031352164812312
1.147651006711409 0.8169744113154195
1.1879194630872476 0.8299324974063594
1.2281879194630871 0.8420529102672731
1.2684563758389258 0.8533787335872864
1.3087248322147644 0.8639524038660593
1.348993288590604 0.8738154637506751
1.3892617449664426 0.8830083600897883
1.4295302013422813 0.8915702825406844
1.4697986577181208 0.8995390385269074
1.5100671140939594 0.9069509604172763
1.550335570469798 0.9138408409544274
1.5906040268456376 0.9202418931790641
1.6308724832214763 0.9261857313550288
1.671140939597315 0.9317023696837392
1.7114093959731544 0.9368202358912637
1.751677852348993 0.9415661970670405
1.7919463087248317 0.9459655954221268
1.8322147651006713 0.9500422919112145
1.87248322147651 0.9538187159225259
1.9127516778523486 0.9573159194806327
1.9530201342281872 0.9605536346278571
1.9932885906040267 0.9635503328497927
2.0335570469798654 0.9663232855898072
2.073825503355704 0.9688886250569003
2.1140939597315436 0.9712614046719957
2.154362416107382 0.9734556586209457
2.194630872483221 0.975484460089588
2.2348993288590604 0.9773599778485647
2.275167785234899 0.9790935309347427
2.3154362416107377 0.9806956412433635
2.3557046979865772 0.9821760839018201
2.395973154362416 0.9835439353434883
2.4362416107382545 0.9848076190394537
2.476510067114093 0.98597494887835
2.5167785234899327 0.987053170210804
2.5570469798657713 0.9880489985960251
2.59731543624161 0.988968656304649
2.6375838926174495 0.9898179066447027
2.677852348993288 0.9906020861871265
2.718120805369127 0.9913261349741438
2.7583892617449663 0.991994624798395
2.798657718120805 0.9926117856435208
2.8389261744966436 0.9931815303781304
2.879194630872483 0.9937074777951017
2.919463087248322 0.9941929740872016
2.9597315436241605 0.9946411128482531
3.0 0.9950547536867305